581.000000
215.000000
232.000000
391.000000
608.000000
988.000000
1107.000000
1293.000000
1586.000000
1391.000000
1368.000000
1448.000000
1518.000000
1398.000000
1386.000000
1452.000000
1450.000000
1447.000000
1489.000000
1452.000000
1515.000000
1480.000000
1484.000000
1572.000000
1560.000000
1863.000000
1895.000000
1647.000000
1660.000000
1663.000000
1725.000000
1682.000000
1788.000000
1694.000000
1746.000000
1643.000000
1660.000000
1642.000000
1640.000000
1638.000000
1621.000000
1579.000000
1678.000000
1669.000000
1622.000000
1694.000000
1631.000000
1589.000000
1633.000000
1568.000000
1589.000000
1621.000000
1657.000000
1639.000000
1615.000000
1686.000000
1616.000000
1578.000000
1582.000000
1667.000000
1598.000000
1565.000000
1546.000000
1581.000000
1616.000000
1582.000000
2014.000000
2661.000000
2713.000000
2631.000000
2592.000000
2724.000000
2321.000000
2253.000000
2264.000000
2085.000000
2139.000000
2120.000000
1999.000000
2046.000000
2016.000000
2103.000000
1881.000000
1624.000000
1639.000000
1698.000000
1604.000000
1606.000000
1558.000000
1534.000000
1605.000000
1486.000000
1646.000000
1670.000000
1760.000000
1665.000000
1703.000000
1804.000000
1728.000000
1742.000000
1809.000000
1815.000000
1774.000000
1689.000000
1693.000000
1704.000000
1719.000000
1731.000000
1730.000000
1744.000000
1687.000000
1809.000000
1716.000000
1722.000000
1632.000000
1640.000000
1822.000000
1768.000000
1673.000000
1700.000000
1670.000000
1683.000000
1575.000000
1676.000000
1606.000000
1670.000000
1626.000000
1727.000000
1570.000000
1583.000000
1669.000000
1593.000000
1591.000000
1606.000000
1641.000000
1600.000000
2055.000000
1624.000000
1519.000000
1724.000000
1766.000000
1602.000000
1644.000000
1749.000000
1693.000000
1629.000000
1595.000000
1656.000000
1791.000000
1716.000000
1606.000000
1604.000000
1631.000000
1521.000000
1566.000000
1602.000000
1744.000000
1747.000000
1684.000000
1756.000000
1763.000000
1672.000000
1630.000000
1619.000000
1589.000000
1545.000000
1570.000000
1601.000000
1603.000000
1508.000000
1548.000000
1489.000000
1558.000000
1470.000000
1488.000000
1545.000000
1642.000000
1532.000000
1554.000000
1764.000000
1604.000000
1610.000000
1602.000000
1597.000000
1828.000000
1605.000000
1550.000000
1575.000000
1597.000000
1647.000000
1651.000000
1574.000000
1554.000000
1651.000000
1634.000000
1644.000000
1718.000000
1638.000000
1597.000000
1560.000000
1580.000000
1614.000000
1696.000000
1674.000000
1743.000000
1528.000000
1528.000000
1596.000000
1525.000000
1543.000000
1461.000000
1541.000000
1477.000000
1530.000000
1511.000000
1498.000000
1560.000000
1522.000000
1522.000000
1619.000000
1610.000000
1549.000000
1693.000000
1614.000000
1779.000000
1737.000000
1590.000000
1698.000000
1808.000000
1627.000000
1606.000000
1789.000000
1831.000000
1729.000000
1625.000000
1728.000000
1839.000000
1635.000000
1535.000000
1630.000000
1567.000000
1663.000000
1529.000000
1561.000000
1524.000000
1540.000000
1615.000000
1735.000000
1592.000000
1579.000000
1579.000000
1721.000000
1572.000000
1664.000000
1607.000000
1599.000000
1724.000000
1582.000000
1635.000000
1702.000000
1691.000000
1539.000000
1548.000000
1718.000000
1633.000000
1556.000000
1511.000000
1535.000000
1566.000000
1641.000000
1664.000000
1688.000000
1815.000000
1701.000000
1624.000000
1609.000000
1627.000000
1571.000000
1684.000000
1727.000000
1646.000000
1778.000000
1847.000000
1657.000000
1619.000000
1645.000000
1601.000000
1646.000000
1623.000000
1708.000000
1560.000000
1598.000000
1726.000000
1800.000000
1640.000000
1657.000000
1659.000000
1577.000000
1610.000000
1645.000000
1541.000000
1598.000000
1528.000000
1529.000000
1616.000000
1659.000000
1638.000000
1575.000000
1606.000000
1672.000000
1563.000000
1666.000000
1730.000000
1688.000000
1613.000000
1597.000000
1621.000000
1677.000000
1572.000000
1756.000000
1668.000000
1482.000000
1641.000000
1529.000000
1533.000000
1561.000000
1550.000000
1652.000000
1600.000000
1581.000000
1640.000000
1602.000000
1668.000000
1608.000000
1624.000000
1619.000000
1644.000000
1563.000000
1627.000000
1607.000000
1601.000000
1565.000000
1591.000000
1618.000000
1532.000000
1505.000000
1583.000000
1873.000000
1558.000000
1482.000000
1665.000000
1670.000000
1578.000000
1653.000000
1775.000000
1753.000000
1783.000000
1647.000000
1637.000000
1620.000000
1602.000000
1665.000000
1696.000000
1585.000000
1571.000000
1552.000000
1477.000000
1618.000000
1591.000000
1714.000000
1502.000000
1581.000000
1647.000000
1539.000000
1512.000000
1658.000000
1570.000000
1581.000000
1634.000000
1633.000000
1597.000000
1677.000000
1573.000000
1576.000000
1662.000000
1732.000000
1744.000000
1690.000000
1672.000000
1639.000000
1616.000000
1617.000000
1619.000000
1624.000000
1646.000000
1570.000000
1582.000000
1563.000000
1628.000000
1566.000000
1561.000000
1481.000000
1544.000000
1591.000000
1686.000000
1696.000000
1507.000000
1507.000000
1501.000000
1545.000000
1641.000000
1573.000000
1620.000000
1743.000000
1647.000000
1707.000000
1712.000000
1745.000000
1702.000000
1739.000000
1792.000000
1710.000000
1646.000000
1652.000000
1683.000000
1639.000000
1658.000000
1720.000000
1705.000000
1633.000000
1558.000000
1697.000000
1686.000000
1742.000000
1686.000000
1643.000000
1689.000000
1574.000000
1581.000000
1711.000000
1592.000000
1614.000000
1657.000000
1652.000000
1685.000000
1638.000000
1658.000000
1622.000000
1598.000000
1606.000000
1625.000000
1614.000000
1606.000000
1747.000000
1662.000000
1610.000000
1628.000000
1763.000000
1594.000000
1699.000000
1698.000000
1841.000000
1691.000000
1737.000000
1663.000000
1619.000000
1702.000000
1681.000000
1758.000000
1586.000000
1607.000000
1561.000000
1531.000000
1517.000000
1621.000000
1484.000000
1535.000000
1736.000000
1846.000000
1759.000000
1614.000000
1765.000000
1640.000000
1674.000000
1622.000000
1738.000000
1728.000000
1689.000000
1594.000000
1570.000000
1643.000000
1626.000000
1621.000000
1590.000000
1690.000000
1732.000000
1641.000000
1614.000000
1535.000000
1588.000000
1644.000000
1711.000000
1605.000000
1631.000000
1655.000000
1518.000000
1621.000000
1689.000000
1701.000000
1571.000000
1655.000000
1707.000000
1632.000000
1652.000000
1596.000000
1587.000000
1729.000000
1611.000000
1645.000000
1666.000000
1691.000000
1706.000000
1662.000000
1579.000000
1530.000000
1594.000000
1534.000000
1813.000000
1735.000000
1630.000000
1699.000000
1799.000000
1669.000000
1622.000000
1766.000000
1774.000000
1646.000000
1672.000000
1647.000000
1597.000000
1628.000000
1645.000000
1660.000000
1767.000000
1601.000000
1598.000000
1827.000000
1639.000000
1676.000000
1646.000000
1730.000000
1740.000000
1683.000000
1711.000000
1717.000000
1674.000000
1622.000000
1707.000000
1752.000000
1774.000000
1721.000000
1637.000000
1667.000000
1718.000000
1743.000000
1832.000000
1695.000000
1671.000000
1733.000000
1760.000000
1725.000000
1716.000000
1711.000000
1669.000000
1664.000000
1583.000000
1640.000000
1560.000000
1597.000000
1585.000000
1679.000000
1690.000000
1782.000000
1764.000000
1638.000000
1728.000000
1994.000000
1634.000000
1689.000000
1654.000000
1610.000000
1723.000000
1594.000000
1678.000000
1637.000000
1527.000000
1453.000000
1474.000000
1486.000000
1537.000000
1499.000000
1591.000000
1567.000000
1579.000000
1724.000000
1721.000000
1734.000000
1657.000000
1665.000000
1693.000000
1679.000000
1663.000000
1645.000000
1863.000000
1725.000000
1758.000000
1561.000000
1545.000000
1551.000000
1684.000000
1768.000000
1789.000000
1638.000000
1566.000000
1559.000000
1670.000000
1582.000000
1688.000000
1616.000000
1727.000000
1626.000000
1739.000000
1858.000000
1677.000000
1590.000000
1631.000000
1817.000000
1672.000000
1704.000000
1694.000000
1642.000000
1623.000000
1634.000000
1691.000000
1776.000000
1697.000000
1712.000000
1718.000000
1645.000000
1697.000000
1612.000000
1675.000000
1682.000000
1693.000000
1719.000000
1725.000000
1705.000000
1733.000000
1695.000000
1695.000000
1681.000000
1814.000000
1754.000000
1798.000000
1714.000000
1710.000000
1694.000000
1619.000000
1627.000000
1626.000000
1720.000000
1879.000000
1779.000000
1941.000000
2231.000000
2308.000000
2248.000000
2171.000000
2145.000000
2227.000000
2139.000000
2224.000000
2099.000000
2978.000000
2151.000000
2168.000000
2186.000000
2067.000000
2126.000000
1920.000000
1780.000000
1654.000000
1758.000000
1870.000000
2051.000000
2279.000000
1940.000000
1750.000000
1762.000000
1650.000000
1683.000000
1713.000000
1627.000000
1657.000000
1689.000000
1532.000000
1554.000000
1600.000000
1671.000000
1778.000000
1822.000000
1788.000000
1714.000000
1736.000000
1689.000000
1808.000000
1819.000000
1715.000000
1736.000000
1628.000000
1638.000000
1693.000000
1723.000000
1750.000000
1635.000000
1638.000000
1660.000000
1656.000000
1778.000000
1768.000000
1678.000000
1667.000000
1862.000000
1779.000000
1936.000000
1728.000000
1694.000000
1727.000000
1710.000000
1782.000000
1718.000000
1686.000000
1709.000000
1637.000000
1610.000000
1577.000000
1602.000000
1625.000000
1575.000000
1697.000000
1542.000000
1674.000000
1745.000000
1837.000000
1816.000000
1841.000000
1775.000000
1725.000000
1684.000000
1711.000000
1718.000000
1664.000000
1870.000000
1837.000000
1682.000000
1709.000000
1640.000000
1705.000000
1578.000000
1640.000000
1518.000000
1517.000000
1607.000000
1487.000000
1482.000000
1570.000000
1505.000000
1656.000000
1651.000000
1608.000000
1578.000000
1670.000000
1569.000000
1636.000000
1721.000000
1698.000000
1733.000000
1767.000000
1698.000000
1690.000000
1633.000000
1565.000000
1728.000000
1698.000000
1784.000000
1666.000000
1644.000000
1610.000000
1675.000000
1709.000000
1786.000000
1793.000000
1647.000000
1627.000000
1678.000000
1599.000000
1631.000000
1635.000000
1640.000000
1554.000000
1568.000000
1579.000000
1606.000000
1669.000000
1605.000000
1612.000000
1687.000000
1652.000000
1724.000000
1556.000000
1687.000000
1584.000000
1836.000000
1722.000000
1728.000000
1619.000000
1742.000000
1724.000000
1661.000000
1712.000000
1703.000000
1669.000000
1616.000000
1663.000000
1634.000000
1689.000000
1520.000000
1629.000000
1610.000000
1691.000000
1580.000000
1547.000000
1607.000000
1600.000000
1726.000000
1638.000000
1559.000000
1628.000000
1769.000000
1676.000000
1779.000000
1671.000000
1608.000000
1662.000000
1712.000000
1742.000000
1724.000000
1594.000000
1690.000000
1611.000000
1639.000000
1669.000000
1709.000000
1637.000000
1698.000000
1650.000000
1641.000000
1811.000000
1780.000000
1717.000000
1726.000000
1728.000000
1653.000000
1703.000000
1698.000000
1744.000000
1816.000000
1746.000000
1760.000000
1692.000000
1684.000000
1630.000000
1801.000000
1640.000000
1651.000000
1704.000000
1581.000000
1629.000000
1619.000000
1627.000000
1588.000000
1687.000000
1650.000000
1617.000000
1611.000000
1713.000000
1799.000000
1664.000000
1583.000000
1588.000000
1628.000000
1573.000000
1527.000000
1566.000000
1567.000000
1524.000000
1556.000000
1536.000000
1517.000000
1568.000000
1574.000000
1567.000000
1577.000000
1600.000000
1593.000000
1579.000000
1625.000000
1538.000000
1568.000000
1600.000000
1598.000000
1673.000000
1545.000000
1655.000000
1832.000000
1699.000000
1669.000000
1738.000000
1706.000000
1727.000000
1582.000000
1769.000000
1724.000000
1713.000000
1630.000000
1617.000000
1634.000000
1602.000000
1713.000000
1658.000000
1567.000000
1716.000000
1695.000000
1628.000000
1700.000000
1591.000000
1579.000000
1605.000000
1466.000000
1491.000000
1646.000000
1695.000000
1554.000000
1608.000000
1640.000000
1583.000000
1499.000000
1584.000000
1604.000000
1607.000000
1644.000000
1688.000000
1617.000000
1712.000000
1651.000000
1625.000000
1599.000000
1684.000000
1618.000000
1637.000000
1759.000000
1631.000000
1711.000000
1600.000000
1519.000000
1647.000000
1846.000000
1644.000000
1725.000000
1630.000000
1716.000000
1767.000000
1626.000000
1696.000000
1633.000000
1729.000000
1613.000000
1633.000000
1634.000000
1671.000000
1695.000000
1698.000000
1796.000000
1626.000000
1648.000000
1661.000000
1752.000000
1724.000000
1721.000000
1705.000000
1650.000000
1657.000000
1661.000000
1806.000000
1605.000000
1586.000000
1613.000000
1556.000000
1611.000000
1569.000000
1629.000000
1563.000000
1628.000000
1676.000000
1481.000000
1618.000000
1740.000000
1567.000000
1578.000000
1576.000000
1723.000000
1602.000000
1553.000000
1583.000000
1730.000000
1593.000000
1628.000000
1501.000000
1567.000000
1692.000000
1643.000000
1617.000000
1634.000000
1646.000000
1679.000000
1597.000000
1549.000000
1554.000000
1682.000000
1722.000000
1590.000000
1602.000000
1643.000000
1605.000000
1624.000000
1600.000000
1595.000000
1740.000000
1608.000000
1483.000000
1482.000000
1547.000000
1618.000000
1706.000000
1683.000000
1640.000000
1557.000000
1564.000000
1633.000000
1624.000000
1693.000000
1628.000000
1617.000000
1639.000000
1610.000000
1664.000000
1680.000000
1622.000000
1694.000000
1738.000000
1762.000000
1621.000000
1592.000000
1718.000000
1761.000000
1803.000000
1666.000000
1622.000000
1670.000000
1658.000000
1519.000000
1598.000000
1601.000000
1753.000000
1657.000000
1550.000000
1598.000000
1521.000000
1554.000000
1561.000000
1523.000000
1584.000000
1668.000000
1662.000000
1536.000000
1645.000000
1617.000000
1569.000000
1595.000000
1669.000000
1694.000000
1583.000000
1735.000000
1705.000000
1598.000000
1630.000000
1575.000000
1648.000000
1671.000000
1664.000000
1565.000000
1679.000000
1592.000000
1627.000000
1673.000000
1644.000000
1612.000000
1615.000000
1616.000000
1606.000000
1679.000000
1582.000000
1572.000000
1632.000000
1595.000000
1660.000000
1639.000000
1815.000000
1745.000000
1606.000000
1615.000000
1657.000000
1637.000000
1589.000000
1845.000000
1828.000000
1586.000000
1655.000000
1744.000000
1654.000000
1715.000000
1600.000000
1627.000000
1585.000000
1663.000000
1695.000000
1663.000000
1629.000000
1565.000000
1604.000000
1564.000000
1701.000000
1611.000000
1646.000000
1713.000000
1629.000000
1591.000000
1591.000000
1615.000000
1705.000000
1678.000000
1689.000000
1517.000000
1560.000000
1773.000000
1797.000000
1648.000000
1612.000000
1662.000000
1641.000000
1630.000000
1680.000000
1697.000000
1745.000000
1592.000000
1621.000000
1675.000000
1663.000000
1618.000000
1545.000000
1692.000000
1601.000000
1633.000000
1556.000000
1612.000000
1654.000000
1707.000000
1817.000000
1720.000000
1689.000000
1816.000000
1792.000000
1744.000000
1798.000000
1784.000000
1787.000000
1680.000000
1672.000000
1621.000000
1722.000000
1691.000000
1625.000000
1645.000000
1489.000000
1541.000000
1452.000000
1523.000000
1492.000000
1537.000000
1600.000000
1661.000000
1613.000000
1586.000000
1536.000000
1587.000000
1664.000000
1753.000000
1613.000000
1666.000000
1649.000000
1663.000000
1624.000000
1715.000000
1777.000000
1679.000000
1675.000000
1613.000000
1656.000000
1684.000000
1590.000000
1661.000000
1738.000000
1703.000000
1623.000000
1707.000000
1604.000000
1613.000000
1633.000000
1579.000000
1637.000000
1616.000000
1532.000000
1518.000000
1589.000000
1412.000000
1496.000000
1515.000000
1576.000000
1497.000000
1602.000000
1497.000000
1701.000000
1762.000000
1639.000000
1575.000000
1642.000000
1653.000000
1700.000000
1710.000000
1662.000000
1768.000000
1649.000000
1653.000000
1667.000000
1660.000000
1685.000000
1510.000000
1641.000000
1486.000000
1561.000000
1685.000000
1551.000000
1758.000000
1689.000000
1559.000000
1615.000000
1611.000000
1730.000000
1733.000000
1885.000000
2172.000000
2324.000000
2269.000000
2003.000000
2127.000000
2286.000000
2131.000000
2297.000000
2668.000000
2598.000000
2630.000000
2283.000000
2133.000000
1933.000000
2027.000000
1793.000000
1769.000000
1887.000000
1867.000000
1943.000000
2021.000000
1799.000000
1721.000000
1898.000000
1715.000000
1782.000000
1849.000000
1781.000000
1771.000000
1847.000000
2138.000000
1920.000000
2448.000000
1876.000000
1976.000000
2214.000000
1800.000000
1865.000000
1916.000000
1728.000000
1745.000000
1856.000000
1888.000000
1874.000000
1727.000000
2155.000000
1748.000000
1711.000000
1729.000000
1791.000000
1742.000000
1693.000000
1660.000000
1746.000000
1728.000000
1699.000000
1770.000000
1722.000000
1649.000000
1678.000000
1777.000000
1774.000000
1704.000000
1745.000000
1833.000000
1710.000000
1679.000000
1746.000000
1717.000000
1722.000000
1708.000000
1779.000000
1770.000000
1852.000000
1842.000000
1802.000000
1761.000000
1709.000000
1679.000000
1630.000000
1649.000000
1651.000000
1560.000000
1639.000000
1586.000000
2137.000000
1587.000000
1555.000000
1596.000000
1603.000000
1638.000000
1735.000000
1618.000000
1677.000000
1639.000000
1628.000000
1612.000000
1636.000000
1619.000000
1719.000000
1665.000000
1580.000000
1611.000000
1667.000000
1643.000000
1661.000000
1788.000000
1713.000000
1698.000000
1768.000000
1693.000000
1832.000000
1755.000000
1782.000000
1908.000000
1813.000000
1695.000000
1765.000000
1805.000000
1834.000000
1743.000000
1798.000000
1783.000000
1584.000000
1652.000000
1681.000000
1691.000000
1719.000000
1696.000000
1629.000000
1705.000000
1808.000000
1647.000000
1712.000000
1781.000000
1708.000000
1647.000000
1880.000000
1670.000000
1641.000000
1568.000000
1588.000000
1568.000000
1690.000000
1631.000000
1558.000000
1594.000000
1582.000000
1649.000000
1653.000000
1485.000000
1653.000000
1532.000000
1569.000000
1508.000000
1576.000000
1583.000000
1497.000000
1464.000000
1553.000000
1554.000000
1659.000000
1634.000000
1645.000000
1624.000000
1561.000000
1506.000000
1662.000000
1508.000000
1612.000000
1554.000000
1593.000000
1481.000000
1553.000000
1524.000000
1662.000000
1656.000000
1691.000000
1722.000000
1769.000000
1691.000000
1620.000000
1727.000000
1751.000000
1662.000000
1794.000000
1687.000000
1758.000000
1725.000000
1936.000000
1639.000000
1781.000000
1799.000000
1679.000000
1779.000000
1832.000000
1718.000000
1752.000000
1862.000000
1654.000000
1618.000000
1755.000000
1631.000000
1705.000000
1640.000000
1632.000000
1645.000000
1787.000000
1642.000000
1676.000000
1595.000000
1557.000000
1766.000000
1646.000000
1675.000000
1598.000000
1622.000000
1661.000000
1733.000000
1582.000000
1652.000000
1658.000000
1734.000000
1690.000000
1815.000000
1772.000000
1746.000000
1714.000000
1642.000000
1604.000000
1707.000000
1673.000000
1574.000000
1549.000000
1521.000000
1653.000000
1514.000000
1569.000000
1576.000000
1502.000000
1496.000000
1597.000000
1745.000000
1653.000000
1598.000000
1604.000000
1689.000000
1576.000000
1693.000000
1827.000000
1632.000000
1668.000000
1674.000000
1810.000000
1784.000000
1718.000000
1750.000000
1737.000000
1813.000000
1769.000000
1736.000000
1714.000000
1755.000000
1703.000000
1735.000000
1724.000000
1622.000000
1674.000000
1688.000000
1679.000000
1652.000000
1736.000000
1715.000000
1573.000000
1624.000000
1604.000000
1572.000000
1639.000000
1488.000000
1552.000000
1530.000000
1488.000000
1642.000000
1494.000000
1507.000000
1558.000000
1520.000000
1503.000000
1532.000000
1580.000000
1710.000000
1664.000000
1702.000000
1765.000000
1735.000000
1677.000000
1640.000000
1685.000000
1795.000000
1661.000000
1686.000000
1725.000000
1675.000000
1638.000000
1743.000000
1589.000000
1692.000000
1639.000000
1659.000000
1740.000000
1710.000000
1817.000000
1652.000000
1704.000000
1714.000000
1853.000000
1726.000000
1641.000000
1628.000000
1590.000000
1546.000000
1640.000000
1626.000000
1581.000000
1501.000000
1555.000000
1633.000000
1683.000000
1613.000000
1559.000000
1567.000000
1683.000000
1615.000000
1597.000000
1565.000000
1603.000000
1664.000000
1541.000000
1676.000000
1645.000000
1574.000000
1524.000000
1564.000000
1607.000000
1602.000000
1579.000000
1541.000000
1603.000000
1752.000000
1630.000000
1673.000000
1689.000000
1627.000000
1704.000000
1524.000000
1661.000000
1582.000000
1648.000000
1671.000000
1769.000000
1801.000000
1601.000000
1705.000000
1712.000000
1738.000000
1663.000000
1635.000000
1647.000000
1645.000000
1706.000000
1646.000000
1618.000000
1666.000000
1578.000000
1584.000000
1540.000000
1649.000000
1638.000000
1578.000000
1583.000000
1521.000000
1638.000000
1568.000000
1555.000000
1621.000000
1700.000000
1691.000000
1686.000000
1783.000000
1758.000000
1727.000000
1672.000000
1782.000000
1801.000000
1736.000000
1643.000000
1728.000000
1692.000000
1714.000000
1642.000000
1643.000000
1564.000000
1508.000000
1479.000000
1475.000000
1539.000000
1527.000000
1631.000000
1573.000000
1596.000000
1744.000000
1692.000000
1596.000000
1687.000000
1724.000000
1666.000000
1597.000000
1590.000000
1667.000000
1573.000000
1515.000000
1617.000000
1667.000000
1600.000000
1579.000000
1662.000000
1571.000000
1686.000000
1644.000000
1574.000000
1651.000000
1645.000000
1582.000000
1880.000000
1719.000000
1693.000000
1759.000000
1674.000000
1740.000000
1641.000000
1655.000000
1616.000000
1614.000000
1565.000000
1587.000000
1603.000000
1636.000000
1666.000000
1469.000000
1611.000000
1590.000000
1534.000000
1523.000000
1484.000000
1547.000000
1582.000000
1543.000000
1436.000000
1609.000000
1518.000000
1520.000000
1672.000000
1607.000000
1546.000000
1686.000000
1559.000000
1663.000000
1549.000000
1486.000000
1521.000000
1666.000000
1584.000000
1562.000000
1549.000000
1501.000000
1601.000000
1716.000000
1615.000000
1804.000000
1686.000000
1718.000000
1650.000000
1700.000000
1622.000000
1642.000000
1727.000000
1694.000000
1687.000000
1678.000000
1679.000000
1744.000000
1638.000000
1816.000000
1712.000000
1617.000000
1689.000000
1570.000000
1527.000000
1573.000000
1481.000000
1501.000000
1611.000000
1532.000000
1491.000000
1519.000000
1480.000000
1586.000000
1471.000000
1461.000000
1607.000000
1503.000000
1693.000000
1551.000000
1598.000000
1536.000000
1623.000000
1580.000000
1561.000000
1631.000000
1623.000000
1623.000000
1560.000000
1514.000000
1613.000000
1570.000000
1616.000000
1676.000000
1542.000000
1582.000000
1665.000000
1700.000000
1689.000000
1628.000000
1559.000000
1542.000000
1691.000000
1659.000000
1630.000000
1631.000000
1722.000000
1657.000000
1629.000000
1637.000000
1610.000000
1592.000000
1587.000000
1638.000000
1906.000000
1695.000000
1769.000000
1721.000000
1695.000000
1697.000000
1739.000000
1811.000000
1706.000000
1739.000000
1657.000000
1602.000000
1624.000000
1692.000000
1657.000000
1657.000000
1582.000000
1564.000000
1536.000000
1698.000000
1637.000000
1654.000000
1668.000000
1551.000000
1640.000000
1556.000000
1516.000000
1740.000000
1635.000000
1528.000000
1601.000000
1652.000000
1772.000000
1601.000000
1580.000000
1617.000000
1521.000000
1633.000000
1682.000000
1592.000000
1533.000000
1574.000000
1555.000000
1546.000000
1648.000000
1639.000000
1679.000000
1760.000000
1796.000000
1698.000000
1740.000000
1692.000000
1802.000000
1911.000000
2309.000000
2712.000000
2183.000000
2120.000000
2046.000000
2259.000000
2211.000000
2190.000000
2176.000000
2247.000000
2557.000000
2274.000000
2300.000000
2253.000000
2382.000000
2109.000000
1886.000000
1982.000000
1908.000000
1799.000000
2089.000000
1859.000000
1778.000000
1623.000000
1808.000000
1731.000000
1766.000000
1768.000000
1840.000000
1953.000000
1853.000000
2147.000000
2156.000000
1922.000000
1990.000000
1992.000000
1795.000000
1812.000000
1834.000000
1742.000000
1649.000000
1704.000000
1968.000000
1704.000000
1648.000000
1733.000000
1674.000000
1796.000000
1741.000000
1746.000000
1671.000000
1612.000000
1684.000000
1828.000000
1734.000000
1821.000000
1771.000000
1735.000000
1713.000000
1721.000000
1777.000000
1761.000000
1774.000000
1862.000000
1784.000000
1737.000000
1786.000000
1738.000000
1737.000000
1761.000000
1773.000000
1723.000000
1686.000000
1753.000000
1724.000000
1777.000000
1733.000000
1662.000000
1620.000000
1597.000000
1694.000000
1608.000000
1663.000000
1667.000000
1650.000000
1599.000000
1598.000000
1674.000000
1630.000000
1680.000000
1627.000000
1525.000000
1609.000000
1512.000000
1514.000000
1579.000000
1558.000000
1722.000000
1752.000000
1599.000000
1631.000000
1756.000000
1732.000000
1675.000000
1663.000000
1669.000000
1699.000000
1637.000000
1605.000000
1702.000000
1644.000000
1699.000000
1650.000000
1676.000000
1717.000000
1751.000000
1649.000000
1642.000000
1654.000000
1635.000000
1682.000000
1592.000000
1566.000000
1541.000000
1551.000000
1618.000000
1698.000000
1501.000000
1613.000000
1672.000000
1617.000000
1627.000000
1583.000000
1557.000000
1567.000000
1716.000000
1594.000000
1547.000000
1626.000000
1569.000000
1552.000000
1594.000000
1547.000000
1530.000000
1575.000000
1539.000000
1620.000000
1583.000000
1722.000000
1607.000000
1633.000000
1521.000000
1753.000000
1632.000000
1639.000000
1495.000000
1689.000000
1715.000000
1841.000000
1688.000000
1774.000000
1678.000000
1685.000000
1644.000000
1787.000000
1632.000000
1788.000000
2205.000000
1665.000000
1645.000000
1764.000000
1798.000000
1761.000000
1663.000000
1729.000000
1759.000000
1854.000000
1762.000000
1715.000000
1745.000000
1728.000000
1681.000000
1700.000000
1724.000000
1668.000000
1689.000000
1616.000000
1609.000000
1681.000000
1618.000000
1588.000000
1546.000000
1601.000000
1602.000000
1613.000000
1668.000000
1717.000000
1618.000000
1630.000000
1664.000000
1611.000000
1827.000000
1693.000000
1618.000000
1698.000000
1702.000000
1672.000000
1557.000000
1744.000000
1714.000000
1633.000000
1566.000000
1534.000000
1573.000000
1679.000000
1594.000000
1595.000000
1638.000000
1658.000000
1586.000000
1717.000000
1542.000000
1584.000000
1730.000000
1726.000000
1652.000000
1681.000000
1660.000000
1705.000000
1710.000000
1692.000000
1779.000000
1678.000000
1687.000000
1774.000000
1750.000000
1737.000000
1727.000000
1662.000000
1733.000000
1637.000000
1611.000000
1681.000000
1625.000000
1642.000000
1663.000000
1610.000000
1587.000000
1636.000000
1782.000000
1713.000000
1651.000000
1695.000000
1800.000000
1745.000000
1645.000000
1801.000000
1743.000000
1651.000000
1623.000000
1550.000000
1614.000000
1485.000000
1657.000000
1759.000000
1613.000000
1782.000000
1789.000000
1688.000000
1602.000000
1661.000000
1727.000000
1692.000000
1685.000000
1627.000000
1574.000000
1556.000000
1669.000000
1714.000000
1680.000000
1679.000000
1604.000000
1642.000000
1642.000000
1648.000000
1653.000000
1722.000000
1622.000000
1573.000000
1788.000000
1585.000000
1696.000000
1701.000000
1747.000000
1630.000000
1605.000000
1586.000000
1528.000000
1561.000000
1655.000000
1582.000000
1578.000000
1667.000000
1745.000000
1735.000000
1623.000000
1747.000000
1775.000000
1714.000000
1712.000000
1766.000000
1666.000000
1755.000000
1763.000000
1632.000000
1746.000000
1673.000000
1707.000000
1592.000000
1600.000000
1615.000000
1680.000000
1748.000000
1762.000000
1831.000000
1837.000000
1639.000000
1733.000000
1725.000000
1644.000000
1684.000000
1620.000000
1681.000000
1729.000000
1559.000000
1612.000000
1539.000000
1501.000000
1491.000000
1544.000000
1565.000000
1656.000000
1554.000000
1685.000000
1589.000000
1601.000000
1683.000000
1667.000000
1651.000000
1642.000000
1658.000000
1647.000000
1654.000000
1617.000000
1603.000000
1559.000000
1552.000000
1632.000000
1719.000000
1627.000000
1693.000000
1727.000000
1649.000000
1547.000000
1741.000000
1634.000000
1591.000000
1571.000000
1650.000000
1666.000000
1613.000000
1532.000000
1630.000000
1612.000000
1712.000000
1799.000000
1738.000000
1601.000000
1700.000000
1783.000000
1666.000000
1634.000000
1666.000000
1709.000000
1621.000000
1539.000000
1601.000000
1718.000000
1623.000000
1593.000000
1638.000000
1635.000000
1642.000000
1620.000000
1765.000000
1752.000000
1644.000000
1586.000000
1703.000000
1608.000000
1679.000000
1646.000000
1667.000000
1630.000000
1593.000000
1565.000000
1501.000000
1515.000000
1509.000000
1503.000000
1528.000000
1504.000000
1426.000000
1480.000000
1566.000000
1715.000000
1671.000000
1566.000000
1600.000000
1518.000000
1510.000000
1552.000000
1586.000000
1511.000000
1608.000000
1689.000000
1617.000000
1532.000000
1609.000000
1686.000000
1588.000000
1604.000000
1691.000000
1655.000000
1741.000000
1699.000000
1621.000000
1575.000000
1748.000000
1776.000000
1739.000000
1618.000000
1664.000000
1635.000000
1582.000000
1609.000000
1781.000000
1713.000000
1624.000000
1624.000000
1614.000000
1585.000000
1597.000000
1607.000000
1658.000000
1666.000000
1626.000000
1663.000000
1610.000000
1620.000000
1587.000000
1633.000000
1655.000000
1592.000000
1594.000000
1647.000000
1583.000000
1675.000000
1635.000000
1633.000000
1785.000000
1703.000000
1618.000000
1682.000000
1640.000000
1667.000000
1612.000000
1644.000000
1632.000000
1652.000000
1585.000000
1483.000000
1624.000000
1618.000000
1645.000000
1750.000000
1684.000000
1602.000000
1628.000000
1582.000000
1656.000000
1659.000000
1678.000000
1714.000000
1676.000000
1531.000000
1678.000000
1702.000000
1609.000000
1619.000000
1554.000000
1577.000000
1568.000000
1680.000000
1603.000000
1573.000000
1552.000000
1539.000000
1544.000000
1572.000000
1564.000000
1607.000000
1527.000000
1628.000000
1611.000000
1667.000000
1613.000000
1615.000000
1582.000000
1584.000000
1669.000000
1567.000000
1666.000000
1641.000000
1714.000000
1593.000000
1684.000000
1681.000000
1654.000000
1770.000000
1683.000000
1705.000000
1656.000000
1532.000000
1568.000000
1680.000000
1541.000000
1536.000000
1540.000000
1512.000000
1524.000000
1479.000000
1596.000000
1683.000000
1625.000000
1726.000000
1550.000000
1550.000000
1641.000000
1638.000000
1578.000000
1625.000000
1620.000000
1715.000000
1592.000000
1713.000000
1565.000000
1628.000000
1634.000000
1681.000000
1611.000000
1694.000000
1648.000000
1718.000000
1781.000000
1653.000000
1728.000000
1719.000000
1747.000000
1705.000000
1676.000000
1772.000000
1640.000000
1668.000000
1654.000000
1652.000000
1695.000000
1567.000000
1573.000000
1618.000000
1524.000000
1523.000000
1700.000000
1660.000000
1528.000000
1474.000000
1459.000000
1525.000000
1762.000000
1624.000000
1732.000000
1669.000000
1717.000000
1740.000000
1690.000000
1656.000000
1755.000000
1653.000000
1588.000000
1619.000000
1869.000000
2141.000000
2494.000000
2331.000000
2385.000000
2152.000000
2128.000000
2020.000000
2272.000000
2217.000000
2163.000000
2312.000000
2343.000000
2314.000000
2285.000000
2401.000000
2068.000000
1877.000000
1883.000000
1677.000000
1555.000000
1542.000000
1601.000000
1469.000000
1567.000000
1695.000000
1566.000000
1697.000000
1738.000000
1634.000000
1853.000000
1862.000000
1674.000000
1707.000000
1731.000000
1851.000000
1765.000000
1672.000000
1908.000000
1737.000000
1759.000000
1828.000000
1737.000000
1801.000000
1689.000000
1658.000000
1842.000000
1834.000000
1774.000000
1746.000000
1691.000000
1711.000000
1716.000000
1657.000000
1693.000000
1626.000000
1638.000000
1667.000000
1692.000000
1630.000000
1670.000000
1589.000000
1582.000000
1583.000000
1643.000000
1736.000000
1840.000000
1629.000000
1559.000000
1620.000000
1849.000000
1652.000000
1656.000000
1705.000000
1761.000000
1740.000000
1626.000000
1835.000000
1818.000000
1805.000000
1742.000000
1719.000000
1757.000000
1804.000000
1754.000000
1657.000000
1757.000000
1750.000000
1663.000000
1584.000000
1629.000000
1574.000000
1552.000000
1598.000000
1576.000000
1682.000000
1720.000000
1659.000000
1729.000000
1654.000000
1650.000000
1611.000000
1686.000000
1850.000000
1732.000000
1691.000000
1780.000000
1794.000000
1668.000000
1733.000000
1682.000000
1723.000000
1742.000000
1798.000000
1679.000000
1677.000000
1782.000000
1614.000000
1664.000000
1628.000000
1605.000000
1624.000000
1794.000000
1641.000000
1603.000000
1699.000000
1625.000000
1639.000000
1670.000000
1643.000000
1688.000000
1585.000000
1720.000000
1714.000000
1730.000000
1675.000000
1640.000000
1704.000000
1620.000000
1699.000000
1630.000000
1858.000000
1706.000000
1680.000000
1613.000000
1634.000000
1602.000000
1629.000000
1748.000000
1672.000000
1744.000000
1737.000000
1589.000000
1741.000000
1695.000000
1687.000000
1681.000000
1676.000000
1727.000000
1646.000000
1645.000000
1743.000000
1637.000000
1680.000000
1660.000000
1561.000000
1582.000000
1609.000000
1567.000000
1655.000000
1645.000000
1644.000000
1800.000000
1695.000000
1634.000000
1730.000000
1649.000000
1626.000000
1654.000000
1648.000000
1688.000000
1656.000000
1660.000000
1722.000000
1787.000000
1689.000000
1728.000000
1695.000000
1686.000000
1707.000000
1691.000000
1678.000000
1650.000000
1702.000000
1630.000000
1627.000000
1549.000000
1604.000000
1602.000000
1560.000000
1535.000000
1735.000000
1647.000000
1570.000000
1780.000000
1665.000000
1601.000000
1691.000000
1720.000000
1701.000000
1614.000000
1537.000000
1521.000000
1544.000000
1650.000000
1647.000000
1675.000000
1627.000000
1679.000000
1620.000000
1674.000000
1603.000000
1641.000000
1704.000000
1683.000000
1723.000000
1613.000000
1571.000000
1610.000000
1637.000000
1706.000000
1600.000000
1729.000000
1581.000000
1641.000000
1625.000000
1643.000000
1670.000000
1621.000000
1623.000000
1601.000000
1645.000000
1648.000000
1589.000000
1614.000000
1576.000000
1639.000000
1541.000000
1579.000000
1663.000000
2169.000000
1718.000000
1667.000000
1733.000000
1584.000000
1675.000000
1775.000000
1639.000000
1621.000000
1668.000000
1731.000000
1606.000000
1654.000000
1764.000000
1782.000000
1696.000000
1700.000000
1678.000000
1626.000000
1685.000000
1697.000000
1757.000000
1703.000000
1691.000000
1614.000000
1594.000000
1615.000000
1564.000000
1647.000000
1592.000000
1579.000000
1699.000000
1482.000000
1624.000000
1595.000000
1644.000000
1602.000000
1637.000000
1631.000000
1710.000000
1593.000000
1735.000000
1970.000000
1726.000000
1780.000000
1722.000000
1754.000000
1608.000000
1678.000000
1649.000000
1673.000000
1577.000000
1599.000000
1807.000000
1635.000000
1634.000000
1568.000000
1752.000000
1582.000000
1690.000000
1618.000000
1607.000000
1603.000000
1583.000000
1583.000000
1645.000000
1615.000000
1618.000000
1600.000000
1686.000000
1599.000000
1646.000000
1680.000000
1629.000000
1660.000000
1639.000000
1667.000000
1694.000000
1585.000000
1602.000000
1670.000000
1665.000000
1786.000000
1763.000000
1777.000000
1831.000000
1779.000000
1706.000000
1829.000000
1777.000000
1729.000000
1658.000000
1657.000000
1613.000000
1655.000000
1621.000000
1696.000000
1614.000000
1513.000000
1573.000000
1543.000000
1560.000000
1605.000000
1627.000000
1551.000000
1692.000000
1593.000000
1647.000000
1680.000000
1744.000000
1651.000000
1700.000000
1678.000000
1632.000000
1716.000000
1599.000000
1589.000000
1774.000000
1747.000000
1656.000000
1638.000000
1640.000000
1654.000000
1632.000000
1752.000000
1597.000000
1579.000000
1621.000000
1524.000000
1699.000000
1720.000000
1619.000000
1650.000000
1621.000000
1671.000000
1724.000000
1704.000000
1663.000000
1681.000000
1594.000000
1681.000000
1700.000000
1624.000000
1654.000000
1663.000000
1633.000000
1710.000000
1635.000000
1655.000000
1655.000000
1585.000000
1741.000000
1580.000000
1565.000000
1609.000000
1554.000000
1539.000000
1580.000000
1599.000000
1625.000000
1658.000000
1519.000000
1516.000000
1593.000000
1566.000000
1696.000000
1803.000000
1589.000000
1594.000000
1520.000000
1546.000000
1603.000000
1619.000000
1569.000000
1668.000000
1561.000000
1690.000000
1710.000000
1777.000000
1585.000000
1610.000000
1666.000000
1631.000000
1676.000000
1591.000000
1691.000000
1701.000000
1719.000000
1745.000000
1661.000000
1703.000000
1707.000000
1601.000000
1651.000000
1614.000000
1761.000000
1738.000000
1659.000000
1640.000000
1597.000000
1885.000000
1757.000000
1609.000000
1587.000000
1765.000000
1550.000000
1649.000000
1705.000000
1622.000000
1800.000000
1575.000000
1611.000000
1851.000000
1639.000000
1701.000000
1603.000000
1702.000000
1630.000000
1596.000000
1685.000000
1672.000000
1592.000000
1583.000000
1566.000000
1567.000000
1624.000000
1711.000000
1772.000000
1720.000000
1816.000000
1715.000000
1687.000000
1801.000000
1758.000000
1717.000000
1739.000000
1665.000000
1711.000000
1757.000000
1828.000000
1693.000000
1704.000000
1594.000000
1592.000000
1679.000000
1598.000000
1513.000000
1551.000000
1545.000000
1459.000000
1435.000000
1516.000000
1554.000000
1452.000000
1593.000000
1523.000000
1549.000000
1646.000000
1671.000000
1600.000000
1575.000000
1715.000000
1620.000000
1627.000000
1582.000000
1622.000000
1627.000000
1711.000000
1658.000000
1606.000000
1791.000000
1642.000000
1687.000000
1794.000000
1755.000000
1782.000000
1657.000000
1718.000000
1732.000000
1641.000000
1665.000000
1619.000000
1704.000000
1684.000000
1572.000000
1582.000000
1618.000000
1579.000000
1605.000000
1531.000000
1587.000000
1632.000000
1671.000000
1826.000000
1691.000000
1611.000000
1676.000000
1616.000000
1693.000000
1666.000000
1719.000000
1610.000000
1535.000000
1541.000000
1552.000000
1593.000000
1561.000000
1588.000000
1729.000000
1587.000000
1554.000000
1485.000000
1382.000000
1629.000000
1644.000000
1690.000000
1649.000000
1640.000000
1544.000000
1581.000000
1563.000000
1569.000000
1602.000000
1634.000000
1525.000000
1649.000000
1519.000000
1540.000000
1545.000000
1491.000000
1526.000000
1548.000000
1443.000000
1480.000000
1500.000000
1576.000000
1620.000000
1613.000000
1652.000000
1584.000000
1586.000000
1582.000000
1602.000000
1558.000000
1564.000000
1573.000000
1558.000000
1577.000000
1684.000000
1667.000000
1782.000000
1699.000000
1688.000000
1704.000000
1678.000000
1979.000000
2237.000000
2068.000000
1799.000000
1889.000000
2121.000000
1876.000000
2032.000000
1827.000000
1969.000000
2201.000000
2267.000000
2343.000000
2309.000000
2109.000000
2179.000000
2267.000000
2029.000000
2024.000000
1798.000000
1812.000000
1964.000000
2141.000000
2062.000000
2060.000000
2040.000000
1702.000000
1870.000000
1790.000000
1727.000000
1813.000000
1747.000000
1734.000000
1887.000000
1916.000000
2100.000000
2290.000000
1933.000000
2063.000000
2108.000000
2049.000000
1898.000000
1954.000000
1865.000000
1790.000000
1906.000000
1865.000000
1663.000000
1806.000000
1702.000000
1753.000000
1776.000000
1752.000000
1703.000000
1787.000000
1909.000000
1812.000000
1714.000000
1789.000000
1696.000000
1980.000000
1971.000000
1817.000000
1865.000000
1724.000000
1726.000000
1731.000000
1808.000000
1703.000000
1660.000000
1581.000000
1643.000000
1705.000000
1734.000000
1711.000000
1737.000000
1707.000000
1716.000000
1792.000000
1677.000000
1652.000000
1679.000000
1678.000000
1633.000000
1723.000000
1660.000000
1794.000000
1669.000000
1712.000000
1616.000000
1744.000000
1805.000000
1674.000000
1875.000000
1874.000000
1748.000000
1664.000000
1675.000000
1729.000000
1640.000000
1742.000000
1749.000000
1647.000000
1615.000000
1558.000000
1641.000000
1573.000000
1623.000000
1774.000000
1670.000000
1596.000000
1687.000000
1664.000000
1686.000000
1703.000000
1785.000000
1626.000000
1753.000000
1673.000000
1676.000000
1745.000000
1713.000000
1682.000000
1645.000000
1802.000000
1730.000000
1655.000000
1667.000000
1605.000000
1674.000000
1597.000000
1665.000000
1571.000000
1594.000000
1812.000000
1625.000000
1613.000000
1589.000000
1599.000000
1625.000000
1720.000000
1621.000000
1778.000000
1612.000000
1570.000000
1533.000000
1614.000000
1560.000000
1597.000000
1667.000000
1601.000000
1661.000000
1645.000000
1620.000000
1624.000000
1733.000000
1890.000000
2012.000000
1752.000000
1707.000000
1749.000000
1822.000000
1792.000000
1682.000000
1795.000000
1769.000000
1641.000000
1621.000000
1715.000000
1672.000000
1652.000000
1692.000000
1659.000000
1633.000000
1570.000000
1662.000000
1736.000000
1688.000000
1766.000000
1651.000000
1631.000000
1767.000000
1738.000000
1642.000000
1715.000000
1646.000000
1633.000000
1773.000000
1661.000000
1686.000000
1737.000000
1659.000000
1608.000000
1733.000000
1718.000000
1816.000000
1730.000000
1696.000000
1682.000000
1713.000000
1655.000000
1644.000000
1637.000000
1698.000000
1676.000000
1645.000000
1763.000000
1739.000000
1828.000000
1701.000000
1675.000000
1742.000000
1709.000000
1706.000000
1628.000000
1646.000000
1633.000000
1679.000000
1563.000000
1598.000000
1617.000000
1613.000000
1629.000000
1720.000000
1606.000000
1689.000000
1733.000000
1621.000000
1603.000000
1812.000000
1639.000000
1617.000000
1684.000000
1598.000000
1661.000000
1622.000000
1603.000000
1693.000000
1614.000000
1593.000000
1606.000000
1631.000000
1650.000000
1596.000000
1728.000000
1775.000000
1746.000000
1624.000000
1622.000000
1730.000000
1659.000000
1601.000000
1708.000000
1667.000000
1777.000000
1716.000000
1689.000000
1536.000000
1619.000000
1588.000000
1756.000000
1603.000000
1538.000000
1643.000000
1574.000000
1451.000000
1573.000000
1719.000000
1646.000000
1676.000000
1605.000000
1738.000000
1748.000000
1674.000000
1830.000000
1810.000000
1786.000000
1674.000000
1705.000000
1677.000000
1624.000000
1724.000000
1673.000000
1632.000000
1553.000000
1530.000000
1579.000000
1787.000000
1647.000000
1730.000000
1721.000000
1705.000000
1598.000000
1642.000000
1629.000000
1683.000000
1756.000000
1652.000000
1670.000000
1612.000000
1800.000000
1714.000000
1654.000000
1700.000000
1731.000000
1688.000000
1660.000000
1757.000000
1637.000000
1595.000000
1631.000000
1782.000000
1654.000000
1709.000000
1594.000000
1670.000000
1591.000000
1747.000000
1743.000000
1657.000000
1694.000000
1593.000000
1527.000000
1589.000000
1594.000000
1602.000000
1615.000000
2094.000000
1565.000000
1571.000000
1623.000000
1626.000000
1541.000000
1653.000000
1646.000000
1626.000000
1731.000000
1585.000000
1431.000000
1645.000000
1635.000000
1609.000000
1665.000000
1664.000000
1682.000000
1665.000000
1655.000000
1626.000000
1689.000000
1586.000000
1615.000000
1583.000000
1620.000000
1558.000000
1626.000000
1620.000000
1606.000000
1493.000000
1535.000000
1680.000000
1589.000000
1563.000000
1620.000000
1670.000000
1590.000000
1527.000000
1595.000000
1653.000000
1636.000000
1771.000000
1754.000000
1693.000000
1672.000000
1727.000000
1783.000000
1712.000000
1752.000000
1620.000000
1685.000000
1741.000000
1638.000000
1699.000000
1696.000000
1674.000000
1626.000000
1616.000000
1606.000000
1598.000000
1623.000000
1666.000000
1589.000000
1673.000000
1750.000000
1590.000000
1545.000000
1594.000000
1670.000000
1572.000000
1677.000000
1576.000000
1720.000000
1681.000000
1605.000000
1612.000000
1660.000000
1580.000000
1570.000000
1654.000000
1707.000000
1713.000000
1729.000000
1623.000000
1655.000000
1702.000000
1720.000000
1623.000000
1591.000000
1618.000000
1568.000000
1674.000000
1540.000000
1583.000000
1536.000000
1600.000000
1489.000000
1501.000000
1583.000000
1561.000000
1508.000000
1503.000000
1611.000000
1670.000000
1652.000000
1658.000000
1791.000000
1695.000000
1665.000000
1817.000000
1717.000000
1662.000000
1686.000000
1624.000000
1690.000000
1603.000000
1604.000000
1677.000000
1615.000000
1616.000000
1664.000000
1594.000000
1709.000000
1712.000000
1643.000000
1706.000000
1620.000000
1711.000000
1606.000000
1651.000000
1653.000000
1631.000000
1654.000000
1698.000000
1567.000000
1637.000000
1690.000000
1689.000000
1638.000000
1591.000000
1613.000000
1666.000000
1742.000000
1670.000000
1622.000000
1605.000000
1620.000000
1711.000000
1686.000000
1753.000000
1734.000000
1603.000000
1643.000000
1687.000000
1754.000000
1689.000000
1634.000000
1653.000000
1672.000000
1718.000000
1615.000000
1572.000000
1599.000000
1532.000000
1625.000000
1709.000000
1681.000000
1695.000000
1629.000000
1653.000000
1646.000000
1626.000000
1593.000000
1633.000000
1713.000000
1721.000000
1572.000000
1587.000000
1753.000000
1552.000000
1722.000000
1866.000000
1781.000000
1679.000000
1643.000000
1759.000000
1757.000000
1731.000000
1718.000000
1736.000000
1575.000000
1652.000000
1744.000000
1667.000000
1660.000000
1656.000000
1750.000000
1657.000000
1671.000000
1647.000000
1650.000000
1644.000000
1663.000000
1620.000000
1742.000000
1704.000000
1657.000000
1594.000000
1592.000000
1617.000000
1621.000000
1568.000000
1647.000000
1890.000000
1761.000000
1688.000000
1600.000000
1659.000000
1651.000000
1584.000000
1873.000000
1667.000000
1689.000000
1785.000000
1512.000000
1561.000000
1586.000000
1619.000000
1528.000000
1545.000000
1543.000000
1508.000000
1588.000000
1641.000000
1550.000000
1566.000000
1530.000000
1430.000000
1581.000000
1621.000000
1575.000000
1625.000000
1608.000000
1638.000000
1576.000000
1680.000000
1611.000000
1805.000000
1695.000000
1682.000000
1611.000000
1663.000000
1626.000000
1669.000000
1678.000000
1646.000000
1791.000000
1734.000000
1639.000000
1733.000000
1741.000000
1592.000000
1673.000000
1863.000000
1722.000000
1752.000000
1732.000000
1655.000000
1588.000000
2032.000000
2364.000000
2257.000000
2244.000000
2008.000000
2429.000000
1945.000000
1923.000000
1891.000000
1892.000000
1859.000000
1673.000000
1831.000000
1593.000000
1642.000000
1767.000000
1675.000000
1778.000000
1970.000000
1966.000000
2088.000000
2207.000000
2116.000000
2173.000000
2328.000000
2122.000000
1865.000000
1704.000000
1803.000000
1792.000000
1841.000000
1836.000000
1761.000000
1722.000000
2029.000000
1930.000000
2010.000000
1863.000000
1934.000000
1867.000000
2161.000000
1976.000000
1877.000000
1931.000000
1834.000000
2064.000000
1932.000000
2146.000000
1819.000000
1822.000000
2274.000000
1771.000000
1685.000000
1814.000000
1819.000000
1709.000000
1706.000000
1669.000000
1669.000000
1800.000000
1675.000000
1779.000000
1743.000000
1678.000000
1862.000000
1896.000000
1681.000000
1706.000000
1750.000000
1695.000000
1765.000000
1683.000000
1634.000000
1703.000000
1719.000000
1635.000000
1658.000000
1653.000000
1619.000000
1655.000000
1674.000000
1708.000000
1627.000000
1582.000000
1593.000000
1706.000000
1760.000000
1802.000000
1600.000000
1646.000000
1643.000000
1664.000000
1652.000000
1612.000000
1770.000000
1725.000000
1826.000000
1715.000000
1817.000000
1672.000000
1736.000000
1689.000000
1679.000000
1688.000000
1666.000000
1676.000000
1622.000000
1642.000000
1624.000000
1686.000000
1663.000000
1667.000000
1617.000000
1625.000000
1663.000000
1683.000000
1656.000000
1609.000000
1615.000000
1617.000000
1666.000000
1632.000000
1576.000000
1656.000000
1630.000000
1782.000000
1676.000000
1568.000000
1664.000000
1680.000000
1740.000000
1727.000000
1657.000000
1572.000000
1611.000000
1694.000000
1595.000000
1572.000000
1623.000000
1641.000000
1692.000000
1665.000000
1600.000000
1649.000000
1791.000000
1626.000000
1663.000000
1723.000000
1606.000000
1590.000000
1771.000000
1749.000000
1608.000000
1598.000000
1597.000000
1643.000000
1657.000000
1735.000000
1572.000000
1673.000000
1713.000000
1664.000000
1643.000000
1823.000000
1859.000000
1714.000000
1657.000000
1709.000000
1673.000000
1735.000000
1742.000000
1649.000000
1619.000000
1609.000000
1587.000000
1785.000000
1540.000000
1504.000000
1464.000000
1519.000000
1618.000000
1466.000000
1519.000000
1503.000000
1475.000000
1639.000000
1584.000000
1569.000000
1599.000000
1777.000000
1601.000000
1586.000000
1652.000000
1709.000000
1731.000000
1742.000000
1682.000000
1726.000000
1627.000000
1722.000000
1676.000000
1626.000000
1555.000000
1657.000000
1594.000000
1618.000000
1625.000000
1584.000000
1619.000000
1738.000000
1670.000000
1611.000000
1583.000000
1702.000000
1568.000000
1512.000000
1650.000000
1581.000000
1664.000000
1580.000000
1698.000000
1596.000000
1695.000000
1625.000000
1742.000000
1743.000000
1691.000000
1752.000000
1748.000000
1650.000000
1868.000000
1781.000000
1669.000000
1802.000000
1796.000000
1756.000000
1710.000000
1751.000000
1737.000000
1727.000000
1724.000000
1765.000000
1773.000000
1706.000000
1662.000000
1571.000000
1648.000000
1642.000000
1694.000000
1669.000000
1664.000000
1672.000000
1653.000000
1533.000000
1601.000000
1709.000000
1684.000000
1621.000000
1774.000000
1663.000000
1605.000000
1570.000000
1827.000000
1604.000000
1718.000000
1618.000000
1635.000000
1612.000000
1642.000000
1581.000000
1567.000000
1476.000000
1462.000000
1626.000000
1520.000000
1513.000000
1470.000000
1489.000000
1561.000000
1484.000000
1562.000000
1591.000000
1633.000000
1671.000000
1542.000000
1565.000000
1553.000000
1596.000000
1567.000000
1643.000000
1654.000000
1629.000000
1654.000000
1658.000000
1754.000000
1650.000000
1705.000000
1630.000000
1677.000000
1734.000000
1607.000000
1648.000000
1566.000000
1560.000000
1535.000000
1581.000000
1629.000000
1503.000000
1522.000000
1640.000000
1529.000000
1507.000000
1525.000000
1639.000000
1678.000000
1603.000000
1623.000000
1656.000000
1892.000000
1645.000000
1568.000000
1620.000000
1680.000000
1759.000000
1686.000000
1620.000000
1619.000000
1666.000000
1612.000000
1627.000000
1663.000000
1677.000000
1561.000000
1683.000000
1588.000000
1591.000000
1648.000000
1619.000000
1563.000000
1635.000000
1745.000000
1583.000000
1621.000000
1506.000000
1600.000000
1720.000000
1755.000000
1670.000000
1747.000000
1775.000000
1785.000000
1755.000000
1735.000000
1732.000000
1810.000000
1677.000000
1753.000000
1644.000000
1618.000000
1634.000000
1565.000000
1609.000000
1577.000000
1529.000000
1658.000000
1609.000000
1556.000000
1541.000000
1581.000000
1615.000000
1686.000000
1545.000000
1584.000000
1527.000000
1536.000000
1555.000000
1645.000000
1515.000000
1617.000000
1556.000000
1586.000000
1726.000000
1660.000000
1656.000000
1731.000000
1676.000000
1659.000000
1695.000000
1592.000000
1526.000000
1739.000000
1820.000000
1642.000000
1621.000000
1691.000000
1726.000000
1727.000000
1760.000000
1728.000000
1778.000000
1655.000000
1681.000000
1712.000000
1674.000000
1639.000000
1670.000000
1710.000000
1649.000000
1608.000000
1625.000000
1637.000000
1685.000000
1677.000000
